U (nominal) [cm/s], z [cm], U [cm/s], SD [cm/s] 
2.952631e+01, -8.856454e-03, 2.966786e+01, 1.417896e+00
2.952631e+01, -8.919679e-02, 2.967249e+01, 9.607591e-01
2.952631e+01, -1.695371e-01, 2.953264e+01, 1.063326e+00
2.952631e+01, -2.498775e-01, 2.962972e+01, 1.069897e+00
2.952631e+01, -3.302178e-01, 2.957812e+01, 9.977538e-01
2.952631e+01, -4.105581e-01, 2.954784e+01, 9.733041e-01
2.952631e+01, -4.908985e-01, 2.951037e+01, 9.457885e-01
2.952631e+01, -5.712388e-01, 2.949198e+01, 9.407859e-01
2.952631e+01, -6.515792e-01, 2.943462e+01, 9.120756e-01
2.952631e+01, -7.319195e-01, 2.936581e+01, 8.771693e-01
2.952631e+01, -8.122598e-01, 2.935800e+01, 8.578293e-01
2.952631e+01, -8.926002e-01, 2.936541e+01, 8.569673e-01
2.952631e+01, -9.729405e-01, 2.936499e+01, 8.220484e-01
2.952631e+01, -1.053281e+00, 2.936654e+01, 8.065864e-01
2.952631e+01, -1.133621e+00, 2.936322e+01, 8.135239e-01
2.952631e+01, -1.213962e+00, 2.933712e+01, 8.122443e-01
2.952631e+01, -1.294302e+00, 2.935459e+01, 8.013395e-01
2.952631e+01, -1.374642e+00, 2.936514e+01, 7.825038e-01
2.952631e+01, -1.454983e+00, 2.933295e+01, 7.692870e-01
2.952631e+01, -1.535323e+00, 2.935276e+01, 7.544193e-01
2.952631e+01, -1.615663e+00, 2.936363e+01, 7.348143e-01
2.952631e+01, -1.696004e+00, 2.934420e+01, 7.351477e-01
2.952631e+01, -1.776344e+00, 2.933052e+01, 7.061974e-01
2.952631e+01, -1.856684e+00, 2.930839e+01, 7.178085e-01
2.952631e+01, -1.937025e+00, 2.929322e+01, 7.098162e-01
2.952631e+01, -2.017365e+00, 2.926945e+01, 7.037582e-01
2.952631e+01, -2.097705e+00, 2.923962e+01, 7.041477e-01
2.952631e+01, -2.178046e+00, 2.920657e+01, 7.066896e-01
2.952631e+01, -2.258386e+00, 2.917174e+01, 7.034068e-01
2.952631e+01, -2.338726e+00, 2.916132e+01, 6.993821e-01
2.952631e+01, -2.419067e+00, 2.914860e+01, 6.884770e-01
2.952631e+01, -2.499407e+00, 2.912543e+01, 6.779151e-01
2.952631e+01, -2.579747e+00, 2.911928e+01, 6.590898e-01
2.952631e+01, -2.660088e+00, 2.911195e+01, 6.689127e-01
2.952631e+01, -2.740428e+00, 2.909296e+01, 6.652301e-01
2.952631e+01, -2.820768e+00, 2.907601e+01, 6.922731e-01
2.952631e+01, -2.901109e+00, 2.906601e+01, 6.845687e-01
2.952631e+01, -2.981449e+00, 2.905480e+01, 6.856930e-01
2.952631e+01, -3.061789e+00, 2.904446e+01, 7.062303e-01
2.952631e+01, -3.142130e+00, 2.901891e+01, 7.219430e-01
2.952631e+01, -3.222470e+00, 2.896560e+01, 7.293563e-01
2.952631e+01, -3.302810e+00, 2.891058e+01, 7.479466e-01
2.952631e+01, -3.383151e+00, 2.884453e+01, 7.648877e-01
2.952631e+01, -3.463491e+00, 2.876860e+01, 8.307710e-01
2.952631e+01, -3.543831e+00, 2.870477e+01, 9.011050e-01
2.952631e+01, -3.624172e+00, 2.862630e+01, 9.645472e-01
2.952631e+01, -3.704512e+00, 2.852142e+01, 1.069004e+00
2.952631e+01, -3.784852e+00, 2.844067e+01, 1.152249e+00
2.952631e+01, -3.865193e+00, 2.834683e+01, 1.228124e+00
2.952631e+01, -3.945533e+00, 2.820635e+01, 1.329569e+00
2.952631e+01, -4.025873e+00, 2.800280e+01, 1.485068e+00
2.952631e+01, -4.106214e+00, 2.771422e+01, 1.724244e+00
2.952631e+01, -4.186554e+00, 2.737183e+01, 1.972771e+00
2.952631e+01, -4.266894e+00, 2.697368e+01, 2.207111e+00
2.952631e+01, -4.347235e+00, 2.647625e+01, 2.430933e+00
2.952631e+01, -4.427575e+00, 2.579753e+01, 2.738177e+00
2.952631e+01, -4.507915e+00, 2.493496e+01, 3.098640e+00
2.952631e+01, -4.588256e+00, 2.396763e+01, 3.332632e+00
2.952631e+01, -4.668596e+00, 2.284267e+01, 3.499640e+00
2.952631e+01, -4.748936e+00, 2.124515e+01, 3.695537e+00
2.952631e+01, -4.829277e+00, 1.865721e+01, 3.723485e+00
2.952631e+01, -4.909617e+00, 1.568593e+01, 3.458658e+00
2.622760e+01, -8.856454e-03, 2.613414e+01, 1.407608e+00
2.622760e+01, -8.919679e-02, 2.612238e+01, 1.024815e+00
2.622760e+01, -1.695371e-01, 2.608349e+01, 1.220281e+00
2.622760e+01, -2.498775e-01, 2.622368e+01, 1.205666e+00
2.622760e+01, -3.302178e-01, 2.628542e+01, 1.123183e+00
2.622760e+01, -4.105581e-01, 2.631341e+01, 1.058065e+00
2.622760e+01, -4.908985e-01, 2.629624e+01, 1.036776e+00
2.622760e+01, -5.712388e-01, 2.627600e+01, 1.005583e+00
2.622760e+01, -6.515792e-01, 2.625906e+01, 1.009030e+00
2.622760e+01, -7.319195e-01, 2.626275e+01, 9.817992e-01
2.622760e+01, -8.122598e-01, 2.624699e+01, 9.580519e-01
2.622760e+01, -8.926002e-01, 2.625116e+01, 9.066397e-01
2.622760e+01, -9.729405e-01, 2.623769e+01, 9.049467e-01
2.622760e+01, -1.053281e+00, 2.620206e+01, 8.853203e-01
2.622760e+01, -1.133621e+00, 2.618988e+01, 8.879349e-01
2.622760e+01, -1.213962e+00, 2.617191e+01, 8.630095e-01
2.622760e+01, -1.294302e+00, 2.616488e+01, 8.400314e-01
2.622760e+01, -1.374642e+00, 2.615250e+01, 8.325760e-01
2.622760e+01, -1.454983e+00, 2.616148e+01, 8.448287e-01
2.622760e+01, -1.535323e+00, 2.614950e+01, 8.038436e-01
2.622760e+01, -1.615663e+00, 2.612902e+01, 8.004385e-01
2.622760e+01, -1.696004e+00, 2.611971e+01, 7.858129e-01
2.622760e+01, -1.776344e+00, 2.612098e+01, 7.719174e-01
2.622760e+01, -1.856684e+00, 2.613520e+01, 7.848121e-01
2.622760e+01, -1.937025e+00, 2.612538e+01, 7.486635e-01
2.622760e+01, -2.017365e+00, 2.611218e+01, 7.233880e-01
2.622760e+01, -2.097705e+00, 2.610145e+01, 7.278093e-01
2.622760e+01, -2.178046e+00, 2.610198e+01, 7.314091e-01
2.622760e+01, -2.258386e+00, 2.610157e+01, 7.050963e-01
2.622760e+01, -2.338726e+00, 2.607131e+01, 7.055901e-01
2.622760e+01, -2.419067e+00, 2.603025e+01, 6.994933e-01
2.622760e+01, -2.499407e+00, 2.600771e+01, 6.916200e-01
2.622760e+01, -2.579747e+00, 2.599725e+01, 6.662145e-01
2.622760e+01, -2.660088e+00, 2.597372e+01, 6.607713e-01
2.622760e+01, -2.740428e+00, 2.598609e+01, 6.536917e-01
2.622760e+01, -2.820768e+00, 2.598441e+01, 6.648963e-01
2.622760e+01, -2.901109e+00, 2.595852e+01, 6.780100e-01
2.622760e+01, -2.981449e+00, 2.594616e+01, 6.734029e-01
2.622760e+01, -3.061789e+00, 2.591362e+01, 6.769151e-01
2.622760e+01, -3.142130e+00, 2.588402e+01, 6.913466e-01
2.622760e+01, -3.222470e+00, 2.584076e+01, 7.264057e-01
2.622760e+01, -3.302810e+00, 2.578262e+01, 7.419434e-01
2.622760e+01, -3.383151e+00, 2.575971e+01, 7.328984e-01
2.622760e+01, -3.463491e+00, 2.573181e+01, 7.748605e-01
2.622760e+01, -3.543831e+00, 2.568444e+01, 8.035976e-01
2.622760e+01, -3.624172e+00, 2.564606e+01, 8.285654e-01
2.622760e+01, -3.704512e+00, 2.560044e+01, 8.791081e-01
2.622760e+01, -3.784852e+00, 2.553846e+01, 9.351676e-01
2.622760e+01, -3.865193e+00, 2.544402e+01, 1.025627e+00
2.622760e+01, -3.945533e+00, 2.529271e+01, 1.156522e+00
2.622760e+01, -4.025873e+00, 2.507068e+01, 1.335568e+00
2.622760e+01, -4.106214e+00, 2.480251e+01, 1.550414e+00
2.622760e+01, -4.186554e+00, 2.443853e+01, 1.858667e+00
2.622760e+01, -4.266894e+00, 2.401832e+01, 2.103467e+00
2.622760e+01, -4.347235e+00, 2.354157e+01, 2.323206e+00
2.622760e+01, -4.427575e+00, 2.297295e+01, 2.587778e+00
2.622760e+01, -4.507915e+00, 2.230411e+01, 2.894440e+00
2.622760e+01, -4.588256e+00, 2.134992e+01, 3.159327e+00
2.622760e+01, -4.668596e+00, 1.987991e+01, 3.379477e+00
2.622760e+01, -4.748936e+00, 1.762945e+01, 3.579404e+00
2.622760e+01, -4.829277e+00, 1.463902e+01, 3.340187e+00
2.622760e+01, -4.909617e+00, 1.267682e+01, 3.080752e+00
2.367363e+01, -8.856454e-03, 2.392411e+01, 8.251216e-01
2.367363e+01, -8.919679e-02, 2.345726e+01, 9.621219e-01
2.367363e+01, -1.695371e-01, 2.360362e+01, 1.175731e+00
2.367363e+01, -2.498775e-01, 2.373507e+01, 1.052058e+00
2.367363e+01, -3.302178e-01, 2.373233e+01, 1.013326e+00
2.367363e+01, -4.105581e-01, 2.369729e+01, 9.766321e-01
2.367363e+01, -4.908985e-01, 2.370941e+01, 9.653416e-01
2.367363e+01, -5.712388e-01, 2.367369e+01, 9.264557e-01
2.367363e+01, -6.515792e-01, 2.364543e+01, 9.024223e-01
2.367363e+01, -7.319195e-01, 2.363600e+01, 8.699453e-01
2.367363e+01, -8.122598e-01, 2.359568e+01, 8.514660e-01
2.367363e+01, -8.926002e-01, 2.360566e+01, 8.278304e-01
2.367363e+01, -9.729405e-01, 2.361950e+01, 8.092371e-01
2.367363e+01, -1.053281e+00, 2.357818e+01, 7.958067e-01
2.367363e+01, -1.133621e+00, 2.356447e+01, 7.785903e-01
2.367363e+01, -1.213962e+00, 2.354433e+01, 7.592889e-01
2.367363e+01, -1.294302e+00, 2.353727e+01, 7.496738e-01
2.367363e+01, -1.374642e+00, 2.354822e+01, 7.469045e-01
2.367363e+01, -1.454983e+00, 2.353106e+01, 7.359498e-01
2.367363e+01, -1.535323e+00, 2.353066e+01, 7.254317e-01
2.367363e+01, -1.615663e+00, 2.351960e+01, 7.282406e-01
2.367363e+01, -1.696004e+00, 2.350339e+01, 7.131933e-01
2.367363e+01, -1.776344e+00, 2.352356e+01, 7.107709e-01
2.367363e+01, -1.856684e+00, 2.351847e+01, 7.029440e-01
2.367363e+01, -1.937025e+00, 2.350262e+01, 6.879235e-01
2.367363e+01, -2.017365e+00, 2.350180e+01, 6.879750e-01
2.367363e+01, -2.097705e+00, 2.349560e+01, 6.768026e-01
2.367363e+01, -2.178046e+00, 2.347994e+01, 6.798257e-01
2.367363e+01, -2.258386e+00, 2.346989e+01, 6.679320e-01
2.367363e+01, -2.338726e+00, 2.346343e+01, 6.498391e-01
2.367363e+01, -2.419067e+00, 2.344028e+01, 6.568326e-01
2.367363e+01, -2.499407e+00, 2.343104e+01, 6.438838e-01
2.367363e+01, -2.579747e+00, 2.345402e+01, 6.400936e-01
2.367363e+01, -2.660088e+00, 2.343277e+01, 6.287394e-01
2.367363e+01, -2.740428e+00, 2.342575e+01, 6.437516e-01
2.367363e+01, -2.820768e+00, 2.343106e+01, 6.516325e-01
2.367363e+01, -2.901109e+00, 2.342945e+01, 6.510003e-01
2.367363e+01, -2.981449e+00, 2.340633e+01, 6.476895e-01
2.367363e+01, -3.061789e+00, 2.339430e+01, 6.462595e-01
2.367363e+01, -3.142130e+00, 2.337265e+01, 6.432223e-01
2.367363e+01, -3.222470e+00, 2.332138e+01, 6.461626e-01
2.367363e+01, -3.302810e+00, 2.330475e+01, 6.539336e-01
2.367363e+01, -3.383151e+00, 2.327219e+01, 6.488357e-01
2.367363e+01, -3.463491e+00, 2.326658e+01, 6.555562e-01
2.367363e+01, -3.543831e+00, 2.324337e+01, 6.622437e-01
2.367363e+01, -3.624172e+00, 2.320444e+01, 6.647233e-01
2.367363e+01, -3.704512e+00, 2.316900e+01, 6.790640e-01
2.367363e+01, -3.784852e+00, 2.311443e+01, 7.241444e-01
2.367363e+01, -3.865193e+00, 2.305411e+01, 7.904817e-01
2.367363e+01, -3.945533e+00, 2.297042e+01, 8.678619e-01
2.367363e+01, -4.025873e+00, 2.283626e+01, 9.835718e-01
2.367363e+01, -4.106214e+00, 2.265705e+01, 1.177216e+00
2.367363e+01, -4.186554e+00, 2.239165e+01, 1.444287e+00
2.367363e+01, -4.266894e+00, 2.205218e+01, 1.712462e+00
2.367363e+01, -4.347235e+00, 2.157985e+01, 1.994053e+00
2.367363e+01, -4.427575e+00, 2.091270e+01, 2.356925e+00
2.367363e+01, -4.507915e+00, 2.005901e+01, 2.779549e+00
2.367363e+01, -4.588256e+00, 1.897380e+01, 3.087462e+00
2.367363e+01, -4.668596e+00, 1.748261e+01, 3.353038e+00
2.367363e+01, -4.748936e+00, 1.525799e+01, 3.422997e+00
2.367363e+01, -4.829277e+00, 1.227790e+01, 3.106467e+00
2.367363e+01, -4.909617e+00, 1.039593e+01, 2.784211e+00
2.080592e+01, -8.856454e-03, 2.083371e+01, 8.988557e-01
2.080592e+01, -8.919679e-02, 2.068025e+01, 9.146114e-01
2.080592e+01, -1.695371e-01, 2.080933e+01, 1.055274e+00
2.080592e+01, -2.498775e-01, 2.083376e+01, 1.016747e+00
2.080592e+01, -3.302178e-01, 2.081006e+01, 9.601466e-01
2.080592e+01, -4.105581e-01, 2.082444e+01, 9.149066e-01
2.080592e+01, -4.908985e-01, 2.081626e+01, 8.942550e-01
2.080592e+01, -5.712388e-01, 2.081094e+01, 8.806341e-01
2.080592e+01, -6.515792e-01, 2.083641e+01, 8.483332e-01
2.080592e+01, -7.319195e-01, 2.081937e+01, 8.178736e-01
2.080592e+01, -8.122598e-01, 2.079059e+01, 8.077760e-01
2.080592e+01, -8.926002e-01, 2.079673e+01, 7.797541e-01
2.080592e+01, -9.729405e-01, 2.079515e+01, 7.604823e-01
2.080592e+01, -1.053281e+00, 2.079007e+01, 7.528611e-01
2.080592e+01, -1.133621e+00, 2.077326e+01, 7.320118e-01
2.080592e+01, -1.213962e+00, 2.075972e+01, 7.417716e-01
2.080592e+01, -1.294302e+00, 2.076213e+01, 7.056177e-01
2.080592e+01, -1.374642e+00, 2.076163e+01, 6.829704e-01
2.080592e+01, -1.454983e+00, 2.074518e+01, 6.927961e-01
2.080592e+01, -1.535323e+00, 2.072240e+01, 6.723038e-01
2.080592e+01, -1.615663e+00, 2.072314e+01, 6.683085e-01
2.080592e+01, -1.696004e+00, 2.072800e+01, 6.642078e-01
2.080592e+01, -1.776344e+00, 2.073258e+01, 6.490161e-01
2.080592e+01, -1.856684e+00, 2.073000e+01, 6.450766e-01
2.080592e+01, -1.937025e+00, 2.069839e+01, 6.241388e-01
2.080592e+01, -2.017365e+00, 2.070269e+01, 6.174412e-01
2.080592e+01, -2.097705e+00, 2.071573e+01, 6.147812e-01
2.080592e+01, -2.178046e+00, 2.069740e+01, 6.123112e-01
2.080592e+01, -2.258386e+00, 2.071807e+01, 6.121975e-01
2.080592e+01, -2.338726e+00, 2.071191e+01, 6.006131e-01
2.080592e+01, -2.419067e+00, 2.067981e+01, 5.768333e-01
2.080592e+01, -2.499407e+00, 2.066964e+01, 5.711710e-01
2.080592e+01, -2.579747e+00, 2.067065e+01, 5.710959e-01
2.080592e+01, -2.660088e+00, 2.065777e+01, 5.641651e-01
2.080592e+01, -2.740428e+00, 2.064196e+01, 5.711467e-01
2.080592e+01, -2.820768e+00, 2.061798e+01, 5.757524e-01
2.080592e+01, -2.901109e+00, 2.061727e+01, 5.846450e-01
2.080592e+01, -2.981449e+00, 2.060258e+01, 5.802964e-01
2.080592e+01, -3.061789e+00, 2.059301e+01, 5.854202e-01
2.080592e+01, -3.142130e+00, 2.058322e+01, 5.739792e-01
2.080592e+01, -3.222470e+00, 2.056924e+01, 5.697059e-01
2.080592e+01, -3.302810e+00, 2.056260e+01, 5.780651e-01
2.080592e+01, -3.383151e+00, 2.053118e+01, 5.714672e-01
2.080592e+01, -3.463491e+00, 2.049886e+01, 5.780200e-01
2.080592e+01, -3.543831e+00, 2.047034e+01, 5.848789e-01
2.080592e+01, -3.624172e+00, 2.044079e+01, 5.839285e-01
2.080592e+01, -3.704512e+00, 2.040799e+01, 6.030251e-01
2.080592e+01, -3.784852e+00, 2.033966e+01, 6.691003e-01
2.080592e+01, -3.865193e+00, 2.022887e+01, 7.586652e-01
2.080592e+01, -3.945533e+00, 2.013046e+01, 8.689973e-01
2.080592e+01, -4.025873e+00, 2.002312e+01, 9.692036e-01
2.080592e+01, -4.106214e+00, 1.990482e+01, 1.041884e+00
2.080592e+01, -4.186554e+00, 1.975526e+01, 1.159526e+00
2.080592e+01, -4.266894e+00, 1.950610e+01, 1.389302e+00
2.080592e+01, -4.347235e+00, 1.912976e+01, 1.665760e+00
2.080592e+01, -4.427575e+00, 1.856449e+01, 1.967198e+00
2.080592e+01, -4.507915e+00, 1.776201e+01, 2.301536e+00
2.080592e+01, -4.588256e+00, 1.654615e+01, 2.508829e+00
2.080592e+01, -4.668596e+00, 1.487120e+01, 2.688062e+00
2.080592e+01, -4.748936e+00, 1.251963e+01, 2.804969e+00
2.080592e+01, -4.829277e+00, 9.470669e+00, 2.409882e+00
2.080592e+01, -4.909617e+00, 7.709930e+00, 2.061683e+00
1.849018e+01, -8.856454e-03, 1.856106e+01, 8.067833e-01
1.849018e+01, -8.919679e-02, 1.833305e+01, 8.058918e-01
1.849018e+01, -1.695371e-01, 1.846870e+01, 9.605293e-01
1.849018e+01, -2.498775e-01, 1.850434e+01, 9.644223e-01
1.849018e+01, -3.302178e-01, 1.853037e+01, 9.634491e-01
1.849018e+01, -4.105581e-01, 1.852485e+01, 9.136532e-01
1.849018e+01, -4.908985e-01, 1.849194e+01, 8.925657e-01
1.849018e+01, -5.712388e-01, 1.852003e+01, 8.553390e-01
1.849018e+01, -6.515792e-01, 1.849725e+01, 8.296404e-01
1.849018e+01, -7.319195e-01, 1.848748e+01, 7.885614e-01
1.849018e+01, -8.122598e-01, 1.847291e+01, 7.853887e-01
1.849018e+01, -8.926002e-01, 1.844968e+01, 7.699674e-01
1.849018e+01, -9.729405e-01, 1.846046e+01, 7.364722e-01
1.849018e+01, -1.053281e+00, 1.846073e+01, 7.271089e-01
1.849018e+01, -1.133621e+00, 1.846461e+01, 7.177613e-01
1.849018e+01, -1.213962e+00, 1.846333e+01, 6.915175e-01
1.849018e+01, -1.294302e+00, 1.843451e+01, 6.832803e-01
1.849018e+01, -1.374642e+00, 1.842587e+01, 6.913313e-01
1.849018e+01, -1.454983e+00, 1.840487e+01, 6.692894e-01
1.849018e+01, -1.535323e+00, 1.838330e+01, 6.429076e-01
1.849018e+01, -1.615663e+00, 1.838928e+01, 6.487283e-01
1.849018e+01, -1.696004e+00, 1.837555e+01, 6.335082e-01
1.849018e+01, -1.776344e+00, 1.839072e+01, 6.266566e-01
1.849018e+01, -1.856684e+00, 1.839589e+01, 6.343947e-01
1.849018e+01, -1.937025e+00, 1.837661e+01, 6.251008e-01
1.849018e+01, -2.017365e+00, 1.838496e+01, 6.185175e-01
1.849018e+01, -2.097705e+00, 1.837541e+01, 6.241121e-01
1.849018e+01, -2.178046e+00, 1.837794e+01, 6.049923e-01
1.849018e+01, -2.258386e+00, 1.835484e+01, 5.966546e-01
1.849018e+01, -2.338726e+00, 1.834292e+01, 5.979580e-01
1.849018e+01, -2.419067e+00, 1.833238e+01, 5.973695e-01
1.849018e+01, -2.499407e+00, 1.830930e+01, 5.907207e-01
1.849018e+01, -2.579747e+00, 1.831046e+01, 5.818870e-01
1.849018e+01, -2.660088e+00, 1.829694e+01, 5.885890e-01
1.849018e+01, -2.740428e+00, 1.827953e+01, 5.800668e-01
1.849018e+01, -2.820768e+00, 1.828022e+01, 5.825128e-01
1.849018e+01, -2.901109e+00, 1.828074e+01, 5.852042e-01
1.849018e+01, -2.981449e+00, 1.828024e+01, 5.703372e-01
1.849018e+01, -3.061789e+00, 1.826140e+01, 5.838196e-01
1.849018e+01, -3.142130e+00, 1.824340e+01, 5.729560e-01
1.849018e+01, -3.222470e+00, 1.823860e+01, 5.591555e-01
1.849018e+01, -3.302810e+00, 1.821325e+01, 5.600990e-01
1.849018e+01, -3.383151e+00, 1.819222e+01, 5.598858e-01
1.849018e+01, -3.463491e+00, 1.815805e+01, 5.616430e-01
1.849018e+01, -3.543831e+00, 1.812768e+01, 5.838032e-01
1.849018e+01, -3.624172e+00, 1.809471e+01, 6.310548e-01
1.849018e+01, -3.704512e+00, 1.806362e+01, 6.711362e-01
1.849018e+01, -3.784852e+00, 1.804636e+01, 6.888822e-01
1.849018e+01, -3.865193e+00, 1.801615e+01, 6.915478e-01
1.849018e+01, -3.945533e+00, 1.798151e+01, 7.148826e-01
1.849018e+01, -4.025873e+00, 1.792810e+01, 7.670053e-01
1.849018e+01, -4.106214e+00, 1.777775e+01, 8.853211e-01
1.849018e+01, -4.186554e+00, 1.754745e+01, 1.100550e+00
1.849018e+01, -4.266894e+00, 1.725168e+01, 1.326447e+00
1.849018e+01, -4.347235e+00, 1.680404e+01, 1.544153e+00
1.849018e+01, -4.427575e+00, 1.618320e+01, 1.757610e+00
1.849018e+01, -4.507915e+00, 1.529621e+01, 1.987409e+00
1.849018e+01, -4.588256e+00, 1.397386e+01, 2.149537e+00
1.849018e+01, -4.668596e+00, 1.238182e+01, 2.247948e+00
1.849018e+01, -4.748936e+00, 1.028015e+01, 2.259024e+00
1.849018e+01, -4.829277e+00, 7.360643e+00, 1.725699e+00
1.849018e+01, -4.909617e+00, 5.965070e+00, 1.436509e+00
